[Slash]	82168	870161	1	64	1	64	74006	64598	9408	1000	64_1	16	62125906	1.38878e+08
[Slash]	82168	870161	1	64	1	64	23003	13568	9435	64	baseBatch	14	0	0
[Slash]	82168	870161	1	64	1	64	73844	64259	9585	1000	64_1	16	61499370	1.37554e+08
[Slash]	82168	870161	1	64	1	64	73786	64217	9569	1000	64_1	17	61693826	1.37953e+08
[Slash]	82168	870161	1	64	1	64	73071	63522	9549	1000	64_1	15	60241831	1.34803e+08
[Slash]	82168	870161	1	64	1	64	73824	64284	9540	1000	64_1	16	62078534	1.38822e+08
[Slash]	82168	870161	1	64	1	64	73788	64281	9507	1000	64_1	17	61379448	1.37275e+08
[Slash]	82168	870161	1	64	1	64	73908	64342	9566	1000	64_1	16	61349411	1.3721e+08
[Slash]	82168	870161	1	64	1	64	74175	64641	9534	1000	64_1	16	62757003	1.40287e+08
[Slash]	82168	870161	1	64	1	64	74228	64687	9541	1000	64_1	17	62540676	1.39839e+08
[Slash]	82168	870161	1	64	1	64	73879	64328	9551	1000	64_1	16	61936196	1.38496e+08
[Slash]	82168	870161	1	64	1	64	73279	63714	9565	1000	64_1	16	61200586	1.36883e+08
[Slash]	82168	870161	1	64	1	64	896960	661339	235621	1000	MBFS	17	20340901674	3.25782e+11
[Slash]	82168	870161	1	64	1	64	897206	661985	235221	1000	MBFS	19	20402081274	3.26682e+11
[Slash]	82168	870161	1	64	1	64	900586	664917	235669	1000	MBFS	17	20422854952	3.26855e+11
[Slash]	82168	870161	1	64	1	64	898100	662739	235361	1000	MBFS	17	20478437689	3.27508e+11
[Slash]	82168	870161	1	64	1	64	902706	667111	235595	1000	MBFS	18	20317258374	3.25353e+11
[Slash]	82168	870161	1	64	1	64	899050	663873	235177	1000	MBFS	17	20416689219	3.26838e+11
[Slash]	82168	870161	1	64	1	64	899888	664056	235832	1000	MBFS	17	20411702967	3.26913e+11
[Slash]	82168	870161	1	64	1	64	895059	660310	234749	1000	MBFS	17	20372497486	3.26449e+11
[Slash]	82168	870161	1	64	1	64	900610	665678	234932	1000	MBFS	16	20320428751	3.25385e+11
[Slash]	82168	870161	1	64	1	64	901569	666183	235386	1000	MBFS	17	20410011369	3.26453e+11
[Slash]	82168	870161	1	8	1	1	137814	128226	9588	1000	TopK	15	2101811082	1.3475e+10
[Slash]	82168	870161	1	8	1	1	136826	127261	9565	1000	TopK	16	2100469052	1.34202e+10
[Slash]	82168	870161	1	8	1	1	137076	127469	9607	1000	TopK	16	2099024469	1.35085e+10
[Slash]	82168	870161	1	8	1	1	136301	126788	9513	1000	TopK	16	2098850512	1.32045e+10
[Slash]	82168	870161	1	8	1	1	137119	127599	9520	1000	TopK	16	2100165534	1.34302e+10
[Slash]	82168	870161	1	8	1	1	142942	133416	9526	1000	TopK	18	2096793836	1.42774e+10
[Slash]	82168	870161	1	8	1	1	137230	127719	9511	1000	TopK	16	2094347208	1.35032e+10
[Slash]	82168	870161	1	8	1	1	138804	129314	9490	1000	TopK	18	2102969638	1.35939e+10
[Slash]	82168	870161	1	8	1	1	142653	133148	9505	1000	TopK	17	2099512917	1.42742e+10
[Slash]	82168	870161	1	8	1	1	138590	129061	9529	1000	TopK	16	2102937551	1.35672e+10
[webNo]	325729	1469679	1	64	1	64	1546971	1115081	431890	1000	MBFS	51	24076626925	1.02005e+12
[webNo]	325729	1469679	1	64	1	64	1554597	1120911	433686	1000	MBFS	65	23988625885	1.02015e+12
[webNo]	325729	1469679	1	64	1	64	1548263	1117059	431204	1000	MBFS	62	24317076562	1.01775e+12
[webNo]	325729	1469679	1	64	1	64	1552936	1120916	432020	1000	MBFS	56	24587900452	1.02708e+12
[webNo]	325729	1469679	1	64	1	64	1540898	1109045	431853	1000	MBFS	51	24064942282	1.01746e+12
[webNo]	325729	1469679	1	64	1	64	1558524	1124534	433990	1000	MBFS	57	24550694328	1.02717e+12
[webNo]	325729	1469679	1	64	1	64	1536466	1104681	431785	1000	MBFS	53	24093791722	1.01306e+12
[webNo]	325729	1469679	1	64	1	64	1552405	1120777	431628	1000	MBFS	49	24625769236	1.03047e+12
[webNo]	325729	1469679	1	64	1	64	1545184	1113246	431938	1000	MBFS	58	24262697122	1.02319e+12
[webNo]	325729	1469679	1	64	1	64	1537275	1105968	431307	1000	MBFS	57	24194561580	1.01714e+12
[webNo]	325729	1469679	1	8	1	1	833174	817138	16036	1000	TopK	54	11032754239	1.08904e+11
[webNo]	325729	1469679	1	8	1	1	811500	795236	16264	1000	TopK	48	10787231380	1.05503e+11
[webNo]	325729	1469679	1	8	1	1	820552	804351	16201	1000	TopK	50	10737270943	1.07235e+11
[webNo]	325729	1469679	1	8	1	1	905697	889597	16100	1000	TopK	60	11035350193	1.21086e+11
[webNo]	325729	1469679	1	8	1	1	823353	807302	16051	1000	TopK	57	10981036471	1.07884e+11
[webNo]	325729	1469679	1	8	1	1	789716	773651	16065	1000	TopK	48	10900829188	1.02402e+11
[webNo]	325729	1469679	1	8	1	1	853747	837679	16068	1000	TopK	53	11052845319	1.12528e+11
[webNo]	325729	1469679	1	8	1	1	842401	826349	16052	1000	TopK	52	10854519850	1.10821e+11
[webNo]	325729	1469679	1	8	1	1	847180	831168	16012	1000	TopK	52	11046502353	1.1144e+11
[webNo]	325729	1469679	1	8	1	1	924283	908176	16107	1000	TopK	62	10921796855	1.23097e+11
[webNo]	325729	1469679	1	64	1	64	358360	342291	16069	1000	64_1	56	413244370	1.01574e+09
[webNo]	325729	1469679	1	64	1	64	358391	342384	16007	1000	64_1	57	410995341	1.01038e+09
[webNo]	325729	1469679	1	64	1	64	363194	347170	16024	1000	64_1	52	422019104	1.03942e+09
[webNo]	325729	1469679	1	64	1	64	357178	341044	16134	1000	64_1	52	416239557	1.02246e+09
[webNo]	325729	1469679	1	64	1	64	366248	350216	16032	1000	64_1	60	413336266	1.01977e+09
[webNo]	325729	1469679	1	64	1	64	363546	347455	16091	1000	64_1	55	431506490	1.0584e+09
[webNo]	325729	1469679	1	64	1	64	369267	353263	16004	1000	64_1	76	409354040	1.01175e+09
[webNo]	325729	1469679	1	64	1	64	368811	352781	16030	1000	64_1	60	436799930	1.07067e+09
[webNo]	325729	1469679	1	64	1	64	361331	345294	16037	1000	64_1	62	416067511	1.0234e+09
[webNo]	325729	1469679	1	64	1	64	357396	341291	16105	1000	64_1	51	422109281	1.0341e+09
[webGoogle]	875713	5105039	1	64	1	64	1767572	1711415	56157	1000	64_1	81	1749990660	4.0899e+09
[webGoogle]	875713	5105039	1	64	1	64	1767576	1710146	57430	1000	64_1	77	1760260001	4.11135e+09
[webGoogle]	875713	5105039	1	64	1	64	1770080	1713870	56210	1000	64_1	75	1748563168	4.08333e+09
[webGoogle]	875713	5105039	1	64	1	64	1759594	1703157	56437	1000	64_1	76	1737355231	4.05635e+09
[webGoogle]	875713	5105039	1	64	1	64	1760431	1704070	56361	1000	64_1	82	1724573778	4.02257e+09
[webGoogle]	875713	5105039	1	64	1	64	1755214	1699030	56184	1000	64_1	78	1726995429	4.03094e+09
[webGoogle]	875713	5105039	1	64	1	64	1766184	1709783	56401	1000	64_1	74	1749708419	4.08874e+09
[webGoogle]	875713	5105039	1	64	1	64	1758118	1701925	56193	1000	64_1	72	1731365495	4.0418e+09
[webGoogle]	875713	5105039	1	64	1	64	1767686	1711026	56660	1000	64_1	89	1741635400	4.0639e+09
[webGoogle]	875713	5105039	1	64	1	64	1759251	1702725	56526	1000	64_1	75	1733997467	4.04726e+09
[webGoogle]	875713	5105039	1	64	1	64	12519093	10540076	1979017	1000	MBFS	79	235702088058	6.61641e+12
[webGoogle]	875713	5105039	1	64	1	64	12478967	10497981	1980986	1000	MBFS	83	234073998968	6.56876e+12
[webGoogle]	875713	5105039	1	64	1	64	12450051	10469811	1980240	1000	MBFS	88	233368917190	6.55851e+12
[webGoogle]	875713	5105039	1	64	1	64	12476767	10501990	1974777	1000	MBFS	75	235121618571	6.59338e+12
[webGoogle]	875713	5105039	1	64	1	64	12490197	10516386	1973811	1000	MBFS	77	236432290203	6.61349e+12
[webGoogle]	875713	5105039	1	64	1	64	12499234	10518054	1981180	1000	MBFS	85	234610460715	6.58548e+12
[webGoogle]	875713	5105039	1	64	1	64	12548068	10567852	1980216	1000	MBFS	77	236179655928	6.623e+12
[webGoogle]	875713	5105039	1	64	1	64	12501173	10516515	1984658	1000	MBFS	78	233661723703	6.57364e+12
[webGoogle]	875713	5105039	1	64	1	64	12558345	10569734	1988611	1000	MBFS	76	234842124517	6.60159e+12
[webGoogle]	875713	5105039	1	64	1	64	12511400	10521001	1990399	1000	MBFS	73	233808300977	6.5724e+12
[webGoogle]	875713	5105039	1	8	1	1	4787539	4730653	56886	1000	TopK	78	38901011768	3.84211e+11
[webGoogle]	875713	5105039	1	8	1	1	4925475	4869052	56423	1000	TopK	75	38845597253	3.86718e+11
[webGoogle]	875713	5105039	1	8	1	1	5016805	4960281	56524	1000	TopK	81	38865345788	4.09313e+11
[webGoogle]	875713	5105039	1	8	1	1	4788730	4732399	56331	1000	TopK	74	38839941237	3.78891e+11
[webGoogle]	875713	5105039	1	8	1	1	4728947	4672219	56728	1000	TopK	75	38835549301	3.75969e+11
[webGoogle]	875713	5105039	1	8	1	1	4855546	4799177	56369	1000	TopK	79	38870683209	3.94498e+11
[webGoogle]	875713	5105039	1	8	1	1	4760197	4703896	56301	1000	TopK	80	38798864099	3.82134e+11
[webGoogle]	875713	5105039	1	8	1	1	4785232	4728789	56443	1000	TopK	74	38921221660	3.84021e+11
[webGoogle]	875713	5105039	1	8	1	1	4797353	4740714	56639	1000	TopK	74	38863938908	3.865e+11
[webGoogle]	875713	5105039	1	8	1	1	4955415	4898537	56878	1000	TopK	86	38902415750	4.09922e+11
[webBS]	685230	7600595	1	64	1	64	865924	782601	83323	1000	64_1	150	1205021838	2.64061e+09
[webBS]	685230	7600595	1	64	1	64	869086	785448	83638	1000	64_1	166	1213785540	2.66001e+09
[webBS]	685230	7600595	1	64	1	64	868092	785197	82895	1000	64_1	161	1214809446	2.66061e+09
[webBS]	685230	7600595	1	64	1	64	885980	802677	83303	1000	64_1	189	1219522196	2.67124e+09
[webBS]	685230	7600595	1	64	1	64	869705	786196	83509	1000	64_1	158	1197112886	2.62407e+09
[webBS]	685230	7600595	1	64	1	64	881470	797940	83530	1000	64_1	149	1226610365	2.68954e+09
[webBS]	685230	7600595	1	64	1	64	880449	796868	83581	1000	64_1	169	1226801507	2.68829e+09
[webBS]	685230	7600595	1	64	1	64	893753	810512	83241	1000	64_1	158	1244918370	2.7283e+09
[webBS]	685230	7600595	1	64	1	64	880662	795681	84981	1000	64_1	160	1223889813	2.6837e+09
[webBS]	685230	7600595	1	64	1	64	876076	792302	83774	1000	64_1	161	1210964162	2.65549e+09
[webBS]	685230	7600595	1	64	1	64	6266718	4013387	2253331	1000	MBFS	152	102941569340	3.16229e+12
[webBS]	685230	7600595	1	64	1	64	6250653	3996108	2254545	1000	MBFS	153	102429677658	3.13916e+12
[webBS]	685230	7600595	1	64	1	64	6244037	3990145	2253892	1000	MBFS	144	103462512187	3.15125e+12
[webBS]	685230	7600595	1	64	1	64	6206906	3963673	2243233	1000	MBFS	147	102768422796	3.14938e+12
[webBS]	685230	7600595	1	64	1	64	6301417	4045115	2256302	1000	MBFS	174	102933046390	3.17747e+12
[webBS]	685230	7600595	1	64	1	64	6290153	4027629	2262524	1000	MBFS	148	102242009003	3.15025e+12
[webBS]	685230	7600595	1	64	1	64	6241568	3982906	2258662	1000	MBFS	171	101854655711	3.1302e+12
[webBS]	685230	7600595	1	64	1	64	6255653	4000906	2254747	1000	MBFS	140	101932085676	3.13828e+12
[webBS]	685230	7600595	1	64	1	64	6258794	4001575	2257219	1000	MBFS	163	103574228283	3.15817e+12
[webBS]	685230	7600595	1	64	1	64	6266919	4009309	2257610	1000	MBFS	185	103940592395	3.1615e+12
[webBS]	685230	7600595	1	8	1	1	4831075	4747891	83184	1000	TopK	152	48673128446	7.08942e+11
[webBS]	685230	7600595	1	8	1	1	4909742	4826555	83187	1000	TopK	152	49030137842	7.26808e+11
[webBS]	685230	7600595	1	8	1	1	4923982	4840937	83045	1000	TopK	152	49058574620	7.25685e+11
[webBS]	685230	7600595	1	8	1	1	4955959	4871608	84351	1000	TopK	149	48920587738	7.15607e+11
[webBS]	685230	7600595	1	8	1	1	4752612	4666855	85757	1000	TopK	143	49008428121	6.83154e+11
[webBS]	685230	7600595	1	8	1	1	5117755	5031136	86619	1000	TopK	160	49130641238	7.57374e+11
[webBS]	685230	7600595	1	8	1	1	4942816	4860728	82088	1000	TopK	159	48993078396	7.38495e+11
[webBS]	685230	7600595	1	8	1	1	5299394	5217290	82104	1000	TopK	171	49356859006	7.90846e+11
[webBS]	685230	7600595	1	8	1	1	5045045	4963078	81967	1000	TopK	160	49693314217	7.58579e+11
[webBS]	685230	7600595	1	8	1	1	4915954	4834033	81921	1000	TopK	154	49087790961	7.36027e+11
[WikiTalk]	2394385	5021410	1	64	1	64	740640	684938	55702	1000	64_1	13	310493902	9.29172e+08
[WikiTalk]	2394385	5021410	1	64	1	64	743089	687353	55736	1000	64_1	14	309815862	9.2748e+08
[WikiTalk]	2394385	5021410	1	64	1	64	738748	683189	55559	1000	64_1	13	312147752	9.33954e+08
[WikiTalk]	2394385	5021410	1	64	1	64	735085	679363	55722	1000	64_1	12	305451202	9.14175e+08
[WikiTalk]	2394385	5021410	1	64	1	64	741903	686255	55648	1000	64_1	14	312063222	9.33644e+08
[WikiTalk]	2394385	5021410	1	64	1	64	738267	682507	55760	1000	64_1	13	307900452	9.21345e+08
[WikiTalk]	2394385	5021410	1	64	1	64	736230	680536	55694	1000	64_1	13	313335781	9.37135e+08
[WikiTalk]	2394385	5021410	1	64	1	64	742060	686284	55776	1000	64_1	13	310408999	9.29348e+08
[WikiTalk]	2394385	5021410	1	64	1	64	746867	691230	55637	1000	64_1	13	303590735	9.08705e+08
[WikiTalk]	2394385	5021410	1	64	1	64	734637	679072	55565	1000	64_1	13	309111656	9.24846e+08
[WikiTalk]	2394385	5021410	1	64	1	64	15461454	13027588	2433866	1000	MBFS	14	108537712951	5.42466e+12
[WikiTalk]	2394385	5021410	1	64	1	64	15489215	13059553	2429662	1000	MBFS	14	108878417248	5.44218e+12
[WikiTalk]	2394385	5021410	1	64	1	64	15419260	12993334	2425926	1000	MBFS	14	108083409755	5.40807e+12
[WikiTalk]	2394385	5021410	1	64	1	64	15428835	13002359	2426476	1000	MBFS	14	108653275034	5.43092e+12
[WikiTalk]	2394385	5021410	1	64	1	64	15513107	13075101	2438006	1000	MBFS	14	108351910894	5.41941e+12
[WikiTalk]	2394385	5021410	1	64	1	64	15462963	13032236	2430727	1000	MBFS	14	108277342106	5.41645e+12
[WikiTalk]	2394385	5021410	1	64	1	64	15646775	13177858	2468917	1000	MBFS	14	108617590040	5.43203e+12
[WikiTalk]	2394385	5021410	1	64	1	64	15742178	13268633	2473545	1000	MBFS	14	108812928366	5.43776e+12
[WikiTalk]	2394385	5021410	1	64	1	64	15898215	13390478	2507737	1000	MBFS	14	107542462729	5.37933e+12


[Slash]	82168	870161	1	64	1	64	242345	232712	9633	1000	baseBatch	15	0	0
[webNo]	325729	1469679	1	64	1	64	1350935	1334595	16340	1000	baseBatch	56	0	0
[webGoogle]	875713	5105039	1	64	1	64	8792923	8736582	56341	1000	baseBatch	77	0	0
[webBS]	685230	7600595	1	64	1	64	12207963	12124695	83268	1000	baseBatch	162	0	0
[WikiTalk]	2394385	5021410	1	64	1	64	1936768	1880359	56409	1000	baseBatch	14	0	0
[Slash]	82168	870161	1	64	1	64	226956	217449	9507	1000	baseBatch	16	0	0
[webNo]	325729	1469679	1	64	1	64	1251188	1235096	16092	1000	baseBatch	54	0	0
[webGoogle]	875713	5105039	1	64	1	64	9365640	9309028	56612	1000	baseBatch	83	0	0
[webBS]	685230	7600595	1	64	1	64	13825894	13741741	84153	1000	baseBatch	184	0	0
[WikiTalk]	2394385	5021410	1	64	1	64	2079093	2022855	56238	1000	baseBatch	14	0	0
[Slash]	82168	870161	1	64	1	64	281981	41224	240757	64	MBFS	17	1827441705	2.72662e+10
[Slash]	82168	870161	1	64	1	64	74813	64977	9836	1000	64_1	18	78460545	1.74031e+08
[Slash]	82168	870161	1	64	1	64	74500	65020	9480	1000	64_1	19	76408982	1.69588e+08
[Slash]	82168	870161	1	64	1	64	74352	64735	9617	1000	64_1	17	76748040	1.70243e+08
[Slash]	82168	870161	1	64	1	64	74199	64690	9509	1000	64_1	18	77433153	1.7179e+08
[Slash]	82168	870161	1	64	1	64	73989	64427	9562	1000	64_1	17	75441287	1.67434e+08
[Slash]	82168	870161	1	64	1	64	74656	65097	9559	1000	64_1	19	77870953	1.72828e+08
[Slash]	82168	870161	1	64	1	64	74444	64853	9591	1000	64_1	17	77616280	1.72167e+08
[Slash]	82168	870161	1	64	1	64	74686	65179	9507	1000	64_1	18	78601746	1.74438e+08
[Slash]	82168	870161	1	64	1	64	74433	64886	9547	1000	64_1	17	78018363	1.73109e+08
[Slash]	82168	870161	1	64	1	64	74316	64758	9558	1000	64_1	16	76383206	1.69491e+08
[Slash]	82168	870161	1	8	1	1	134328	124795	9533	1000	TopK	17	1939621296	1.2469e+10
[Slash]	82168	870161	1	8	1	1	134226	124607	9619	1000	TopK	17	1945353195	1.24249e+10
[Slash]	82168	870161	1	8	1	1	134991	125428	9563	1000	TopK	17	1939116470	1.25117e+10
[Slash]	82168	870161	1	8	1	1	133793	124182	9611	1000	TopK	16	1941853042	1.22382e+10
[Slash]	82168	870161	1	8	1	1	132814	123330	9484	1000	TopK	16	1942780112	1.22016e+10
[Slash]	82168	870161	1	8	1	1	134555	124998	9557	1000	TopK	17	1945547128	1.25264e+10
[Slash]	82168	870161	1	8	1	1	136876	127343	9533	1000	TopK	17	1936570309	1.27354e+10
[Slash]	82168	870161	1	8	1	1	134868	125347	9521	1000	TopK	17	1948943788	1.24906e+10
[Slash]	82168	870161	1	8	1	1	134154	124654	9500	1000	TopK	17	1941750929	1.24471e+10
[Slash]	82168	870161	1	8	1	1	134526	124972	9554	1000	TopK	17	1940260936	1.24141e+10
[Slash]	82168	870161	1	64	1	64	839476	602143	237333	1000	MBFS	18	24248811329	3.76458e+11
[Slash]	82168	870161	1	64	1	64	839941	602601	237340	1000	MBFS	18	24213247529	3.76061e+11
[Slash]	82168	870161	1	64	1	64	836995	599051	237944	1000	MBFS	18	24143729201	3.74661e+11
[Slash]	82168	870161	1	64	1	64	838750	601355	237395	1000	MBFS	17	24166419108	3.75256e+11
[Slash]	82168	870161	1	64	1	64	837116	599945	237171	1000	MBFS	18	24062719865	3.73753e+11
[Slash]	82168	870161	1	64	1	64	837335	599789	237546	1000	MBFS	18	24086132879	3.74517e+11
[Slash]	82168	870161	1	64	1	64	836570	599186	237384	1000	MBFS	20	24087716064	3.74025e+11
[Slash]	82168	870161	1	64	1	64	835258	597698	237560	1000	MBFS	18	23788036698	3.70531e+11
[Slash]	82168	870161	1	64	1	64	838037	600698	237339	1000	MBFS	18	24216001037	3.75772e+11
[Slash]	82168	870161	1	64	1	64	838510	601190	237320	1000	MBFS	18	24055105383	3.73893e+11
[webNo]	325729	1469679	1	64	1	64	139060	123012	16048	1000	64_1	52	207705917	5.06493e+08
[webNo]	325729	1469679	1	64	1	64	142401	126304	16097	1000	64_1	68	210307856	5.12428e+08
[webNo]	325729	1469679	1	64	1	64	140312	124035	16277	1000	64_1	60	201902494	4.95321e+08
[webNo]	325729	1469679	1	64	1	64	139185	123098	16087	1000	64_1	57	198551507	4.87956e+08
[webNo]	325729	1469679	1	64	1	64	140310	124108	16202	1000	64_1	57	208686804	5.11115e+08
[webNo]	325729	1469679	1	64	1	64	139522	123310	16212	1000	64_1	50	209997693	5.13198e+08
[webNo]	325729	1469679	1	64	1	64	141168	124901	16267	1000	64_1	56	210183967	5.13241e+08
[webNo]	325729	1469679	1	64	1	64	140474	124102	16372	1000	64_1	53	208718885	5.11025e+08
[webNo]	325729	1469679	1	64	1	64	140812	124628	16184	1000	64_1	58	206876632	5.06287e+08
[webNo]	325729	1469679	1	64	1	64	142228	125952	16276	1000	64_1	62	209329611	5.1257e+08
[webNo]	325729	1469679	1	8	1	1	262308	245968	16340	1000	TopK	53	2302561656	3.00446e+10
[webNo]	325729	1469679	1	8	1	1	256623	240450	16173	1000	TopK	52	2217888703	2.89957e+10
[webNo]	325729	1469679	1	8	1	1	257929	241710	16219	1000	TopK	54	2255705833	2.9237e+10
[webNo]	325729	1469679	1	8	1	1	261056	244873	16183	1000	TopK	53	2315343236	2.95771e+10
[webNo]	325729	1469679	1	8	1	1	259689	243492	16197	1000	TopK	54	2236784968	2.93781e+10
[webNo]	325729	1469679	1	8	1	1	259938	243686	16252	1000	TopK	51	2292671400	2.95014e+10
[webNo]	325729	1469679	1	8	1	1	263714	247562	16152	1000	TopK	55	2208486860	3.03368e+10
[webNo]	325729	1469679	1	8	1	1	261003	244796	16207	1000	TopK	53	2294292345	2.96745e+10
[webNo]	325729	1469679	1	8	1	1	258360	242173	16187	1000	TopK	50	2267762574	2.93282e+10
[webNo]	325729	1469679	1	8	1	1	262922	246606	16316	1000	TopK	53	2242177483	2.99811e+10
[webNo]	325729	1469679	1	64	1	64	1052970	614523	438447	1000	MBFS	53	11579446898	5.53002e+11
[webNo]	325729	1469679	1	64	1	64	1089133	650358	438775	1000	MBFS	56	11901683376	5.84424e+11
[webNo]	325729	1469679	1	64	1	64	1093292	655619	437673	1000	MBFS	57	11909565953	5.903e+11
[webNo]	325729	1469679	1	64	1	64	1066195	625559	440636	1000	MBFS	59	11791579371	5.5784e+11
[webNo]	325729	1469679	1	64	1	64	1076466	637838	438628	1000	MBFS	59	12189900732	5.73488e+11
[webNo]	325729	1469679	1	64	1	64	1076480	637623	438857	1000	MBFS	59	12014933614	5.72163e+11
[webNo]	325729	1469679	1	64	1	64	1041078	602825	438253	1000	MBFS	56	11750256996	5.40636e+11
[webNo]	325729	1469679	1	64	1	64	1051627	614580	437047	1000	MBFS	55	11720867879	5.52568e+11
[webNo]	325729	1469679	1	64	1	64	1092389	653446	438943	1000	MBFS	53	11926609019	5.87138e+11
[webNo]	325729	1469679	1	64	1	64	1100107	657261	442846	1000	MBFS	55	12078240111	5.85787e+11
[webGoogle]	875713	5105039	1	64	1	64	1512215	1455745	56470	1000	64_1	71	1360289680	3.17649e+09
[webGoogle]	875713	5105039	1	64	1	64	1512979	1456397	56582	1000	64_1	70	1356336582	3.16612e+09
[webGoogle]	875713	5105039	1	64	1	64	1516599	1459860	56739	1000	64_1	74	1368944391	3.19556e+09
[webGoogle]	875713	5105039	1	64	1	64	1507987	1451152	56835	1000	64_1	73	1353850868	3.15907e+09
[webGoogle]	875713	5105039	1	64	1	64	1506675	1449731	56944	1000	64_1	72	1352732864	3.1561e+09
[webGoogle]	875713	5105039	1	64	1	64	1511241	1454470	56771	1000	64_1	82	1365838527	3.18964e+09
[webGoogle]	875713	5105039	1	64	1	64	1508039	1451133	56906	1000	64_1	70	1354459574	3.1614e+09
[webGoogle]	875713	5105039	1	64	1	64	1510315	1453835	56480	1000	64_1	78	1349646513	3.1503e+09
[webGoogle]	875713	5105039	1	64	1	64	1511537	1454468	57069	1000	64_1	72	1361871106	3.18013e+09
[webGoogle]	875713	5105039	1	64	1	64	1505585	1448313	57272	1000	64_1	79	1345042730	3.13902e+09
[webGoogle]	875713	5105039	1	8	1	1	4250967	4193753	57214	1000	TopK	72	32742207480	3.26276e+11
[webGoogle]	875713	5105039	1	8	1	1	4214064	4156876	57188	1000	TopK	73	32720378740	3.27112e+11
[webGoogle]	875713	5105039	1	8	1	1	4420456	4363889	56567	1000	TopK	74	32712802135	3.26399e+11
[webGoogle]	875713	5105039	1	8	1	1	4436723	4375621	61102	1000	TopK	72	32710025857	3.22159e+11
[webGoogle]	875713	5105039	1	8	1	1	4445286	4384394	60892	1000	TopK	79	32733258021	3.23486e+11
[webGoogle]	875713	5105039	1	8	1	1	4484592	4423794	60798	1000	TopK	72	32768148430	3.31532e+11
[webGoogle]	875713	5105039	1	8	1	1	4494041	4433384	60657	1000	TopK	73	32667028379	3.32166e+11
[webGoogle]	875713	5105039	1	8	1	1	4539345	4478511	60834	1000	TopK	73	32699989389	3.38311e+11
[webGoogle]	875713	5105039	1	8	1	1	4428187	4367580	60607	1000	TopK	75	32695788807	3.27603e+11
[webGoogle]	875713	5105039	1	8	1	1	4531033	4470443	60590	1000	TopK	72	32751363716	3.26563e+11
[webGoogle]	875713	5105039	1	64	1	64	11980222	9853379	2126843	1000	MBFS	75	196741634067	5.71705e+12
[webGoogle]	875713	5105039	1	64	1	64	11828173	9770987	2057186	1000	MBFS	77	199119398754	5.84e+12
[webGoogle]	875713	5105039	1	64	1	64	11660557	9605101	2055456	1000	MBFS	77	197590667619	5.74493e+12
[webGoogle]	875713	5105039	1	64	1	64	11738881	9672372	2066509	1000	MBFS	76	199044357331	5.77509e+12
[webGoogle]	875713	5105039	1	64	1	64	11780075	9697114	2082961	1000	MBFS	84	195633807444	5.75078e+12
